Frame Number,Timecode,delta_hue,delta_lum,delta_hsv_avg,delta_sat
1,00:00:00.020,5.10195162835,1.6410440613,3.25768279055,3.03005268199
2,00:00:00.040,10.0414272031,8.32728687739,8.95657726692,8.50101772031
3,00:00:00.060,4.75251436782,1.49090038314,2.92788154534,2.54022988506
4,00:00:00.080,9.60057471264,7.30639367816,8.27927442529,7.93085488506
5,00:00:00.100,5.74586925287,1.63781130268,3.45833333333,2.99131944444
6,00:00:00.120,8.60476532567,6.47749042146,7.38322158365,7.06740900383
7,00:00:00.140,2.92385057471,1.28017241379,2.14515485313,2.23144157088
8,00:00:00.160,8.83195641762,5.40038314176,6.85406689017,6.32986111111
9,00:00:00.180,4.67337164751,1.53340517241,2.9846942848,2.74730603448
10,00:00:00.200,9.09213362069,6.04262452107,7.32696759259,6.84614463602
11,00:00:00.220,4.7028256705,1.15505268199,2.74670737548,2.38224377395
12,00:00:00.240,8.01724137931,5.18450670498,6.30054677522,5.69989224138
13,00:00:00.260,2.91846264368,1.22665229885,2.03825431034,1.96964798851
14,00:00:00.280,9.32992097701,5.21102729885,6.94568167305,6.2960967433
15,00:00:00.300,5.39463601533,1.35596264368,3.2662436143,3.04813218391
16,00:00:00.320,7.20929118774,3.89954501916,5.33049968072,4.88266283525
17,00:00:00.340,2.61338601533,0.996707375479,1.84155491699,1.91457136015
18,00:00:00.360,8.07447318008,5.35362787356,6.56964399745,6.2808309387
19,00:00:00.380,3.82118055556,1.28238745211,2.54326309068,2.52622126437
20,00:00:00.400,9.32327586207,6.43606321839,7.79011015326,7.61099137931
21,00:00:00.420,2.40391522989,1.17929837165,1.89250079821,2.0942887931
22,00:00:00.440,7.84650383142,5.23281848659,6.5625199553,6.60823754789
23,00:00:00.460,4.19665948276,1.39876676245,2.77630108557,2.73347701149
24,00:00:00.480,8.93995450192,5.55723180077,6.94191012133,6.3285440613
25,00:00:00.500,2.89373802682,1.09710249042,1.97541507024,1.93540469349
26,00:00:00.520,6.50341235632,4.44977250958,5.44679916986,5.38721264368
27,00:00:00.540,3.34788074713,1.01987547893,2.23838601533,2.34740181992
28,00:00:00.560,5.64667145594,4.07040229885,5.11170977011,5.61805555556
29,00:00:00.580,3.06160201149,1.32531130268,2.21459929757,2.25688457854
30,00:00:00.600,6.66133860153,5.13930795019,6.09017800128,6.46988745211
31,00:00:00.620,3.76329022989,1.45444204981,2.70100973819,2.88529693487
32,00:00:00.640,8.24335488506,6.06411637931,7.23834610473,7.40756704981
33,00:00:00.660,2.59680316092,1.30202346743,2.10821759259,2.42582614943
34,00:00:00.680,7.08632662835,6.30040708812,6.9372804917,7.42510775862
35,00:00:00.700,2.80166427203,1.16798371648,2.09672333972,2.32052203065
36,00:00:00.720,9.84153496169,7.54801245211,8.53406369732,8.21264367816
37,00:00:00.740,2.18528496169,1.05256226054,1.69893438697,1.8589559387
38,00:00:00.760,8.624401341,6.76299090038,7.49383381226,7.0941091954
39,00:00:00.780,3.15128113027,1.37607758621,2.42542704342,2.74892241379
40,00:00:00.800,7.07914272031,5.49682710728,6.47818885696,6.8585967433
41,00:00:00.820,3.26412835249,1.45114942529,2.54452027458,2.91828304598
42,00:00:00.840,6.81537356322,5.81603208812,6.56796775223,7.07249760536
43,00:00:00.860,2.70025143678,1.34764128352,2.17740261814,2.4843151341
44,00:00:00.880,5.71988745211,4.81345785441,5.58067927842,6.20869252874
45,00:00:00.900,3.29022988506,1.26658285441,2.4217353129,2.70839319923
46,00:00:00.920,5.52376676245,4.24916187739,5.0317289272,5.32225814176
47,00:00:00.940,2.65181992337,1.23054358238,2.05292145594,2.27640086207
48,00:00:00.960,5.27268917625,3.67840038314,4.48724856322,4.51065613027
49,00:00:00.980,3.38026819923,1.328723659,2.4999600894,2.79088840996
50,00:00:01.000,4.77179118774,3.47814894636,4.18931593231,4.31800766284
51,00:00:01.020,2.24060105364,1.12290469349,1.72717113665,1.81800766284
52,00:00:01.040,4.16181752874,3.11206896552,3.74249680715,3.9536039272
53,00:00:01.060,3.07046216475,1.44534243295,2.48162116858,2.92905890805
54,00:00:01.080,3.83632662835,2.64469588123,3.3912635696,3.69276819923
55,00:00:01.100,1.42480842912,0.970725574713,1.37855204342,1.74012212644
56,00:00:01.120,3.57692768199,2.44755747126,3.16079980843,3.45791427203
57,00:00:01.140,2.56573275862,0.999760536398,1.92281289911,2.2029454023
58,00:00:01.160,3.63493773946,2.66888170498,3.33650622605,3.70569923372
59,00:00:01.180,1.47713122605,0.927382662835,1.40762691571,1.81836685824
60,00:00:01.200,4.07327586207,3.31333812261,3.9218550447,4.37895114943
61,00:00:01.220,2.55070641762,1.14355842912,1.96278336526,2.19408524904
62,00:00:01.240,5.1096144636,3.99664750958,4.71418023627,5.03627873563
63,00:00:01.260,1.70581896552,1.02550287356,1.51436781609,1.8117816092
64,00:00:01.280,5.08153735632,4.56752873563,5.04767321201,5.49395354406
65,00:00:01.300,2.6248204023,1.14571360153,1.99275622605,2.20773467433
66,00:00:01.320,8.56417624521,5.48204022989,6.57716714559,5.68528496169
67,00:00:01.340,1.92881944444,1.14900622605,1.75570721584,2.18929597701
68,00:00:01.360,8.81645114943,6.03208812261,6.93267081737,5.94947318008
69,00:00:01.380,2.38392001916,1.22000718391,2.03687739464,2.50670498084
70,00:00:01.400,8.18163314176,6.29807231801,7.10049489144,6.82177921456
71,00:00:01.420,1.80795019157,1.17792145594,1.7340357599,2.21623563218
72,00:00:01.440,6.51023706897,6.28855363985,6.70478128991,7.31555316092
73,00:00:01.460,1.89295977011,1.11458333333,1.74509099617,2.22772988506
74,00:00:01.480,6.74269636015,6.93911637931,7.09508700511,7.60344827586
75,00:00:01.500,1.86021312261,1.11997126437,1.61194923372,1.85566331418
76,00:00:01.520,7.22192289272,7.50838122605,7.65788633461,8.24335488506
77,00:00:01.540,3.14852729885,1.53717672414,2.57391443167,3.03603927203
78,00:00:01.560,7.88619492337,7.90056273946,8.21477889527,8.85757902299
79,00:00:01.580,2.80190373563,1.35069444444,2.21366139847,2.48838601533
80,00:00:01.600,8.27316810345,8.19240900383,8.50933908046,9.0624401341
81,00:00:01.620,2.27502394636,1.34231321839,2.01742097701,2.43492576628
82,00:00:01.640,8.19977250958,8.53017241379,8.59897828863,9.06698994253
83,00:00:01.660,2.22323994253,1.40810584291,2.03847381865,2.4840756705
84,00:00:01.680,8.688098659,9.10632183908,9.21631545338,9.85452586207
85,00:00:01.700,2.32028256705,1.40032327586,2.13144556194,2.67373084291
86,00:00:01.720,8.91373323755,9.2346144636,9.36719747765,9.9532447318
87,00:00:01.740,1.87314415709,1.38188457854,1.86384498723,2.33650622605
88,00:00:01.760,9.69438457854,9.70875239464,9.8589559387,10.1737308429
89,00:00:01.780,3.32291666667,1.81716954023,2.79909003831,3.25718390805
90,00:00:01.800,10.6988745211,10.0774066092,10.5736749681,10.9447437739
91,00:00:01.820,3.43863745211,1.6875,2.72972541507,3.0630387931
92,00:00:01.840,9.61661877395,10.0170019157,10.0522429757,10.5231082375
93,00:00:01.860,3.21521791188,1.65828544061,2.6413034802,3.05040708812
94,00:00:01.880,9.95162835249,9.99479166667,10.2395434227,10.772210249
95,00:00:01.900,3.15247844828,1.5930316092,2.54304358238,2.88362068966
96,00:00:01.920,9.43965517241,9.83896072797,10.0262013091,10.7999880268
97,00:00:01.940,2.34003831418,1.58459051724,2.21056832695,2.70707614943
98,00:00:01.960,9.34818007663,9.9055914751,10.0790229885,10.9832974138
99,00:00:01.980,3.07902298851,1.51251197318,2.5626197318,3.09632423372
100,00:00:02.000,9.15840517241,9.86075191571,9.99826388889,10.9756345785
101,00:00:02.020,2.15122126437,1.54136733716,2.14605284163,2.74556992337
102,00:00:02.040,10.3934985632,10.3526101533,10.7277498404,11.4371408046
103,00:00:02.060,2.74125957854,1.54980842912,2.5307710728,3.30124521073
104,00:00:02.080,10.2707136015,10.8314774904,10.9079062899,11.6215277778
105,00:00:02.100,2.29370210728,1.49257662835,2.08077905492,2.45605842912
106,00:00:02.120,11.8060943487,11.4947916667,11.9249880268,12.4740780651
107,00:00:02.140,2.92636494253,1.56537356322,2.52544300766,3.08459051724
108,00:00:02.160,11.7853208812,11.8551245211,12.041686622,12.4846144636
109,00:00:02.180,2.07998084291,1.48928400383,2.07425367178,2.65349616858
110,00:00:02.200,12.0337045019,12.4358237548,12.4032966156,12.74036159
111,00:00:02.220,3.36931273946,1.85464559387,2.85251037676,3.33357279693
112,00:00:02.240,13.1590636973,12.7111470307,12.8590956258,12.7070761494
113,00:00:02.260,2.70965038314,1.62074952107,2.50562739464,3.18648227969
114,00:00:02.280,13.9919181034,12.5284363027,13.3137571839,13.4209171456
115,00:00:02.300,3.4382183908,1.89858716475,3.06363745211,3.85410680077
116,00:00:02.320,10.6055435824,11.4243893678,11.7531529374,13.2295258621
117,00:00:02.340,3.51784003831,1.93043582375,3.14246088761,3.97910680077
118,00:00:02.360,9.05160440613,10.0190972222,10.5634578544,12.6196719349
119,00:00:02.380,2.46324233716,1.6724137931,2.29491938059,2.74910201149
120,00:00:02.400,8.72042624521,11.0835727969,11.6369532248,15.1068606322
121,00:00:02.420,1.70438218391,1.51448754789,1.87172733078,2.39631226054
122,00:00:02.440,9.00969827586,12.6172772989,12.3018837803,15.2786757663
123,00:00:02.460,1.22653256705,1.26664272031,1.43177282886,1.80214319923
124,00:00:02.480,10.0923132184,15.747605364,14.6712164751,18.1737308429
125,00:00:02.500,0.805375957854,1.15876436782,1.15950271392,1.51436781609
126,00:00:02.520,10.2051604406,15.0599856322,13.9824393359,16.6821719349
127,00:00:02.540,1.17313218391,1.45977011494,1.63709291188,2.27837643678
128,00:00:02.560,10.4707255747,15.9755747126,14.2283484994,16.2387452107
129,00:00:02.580,1.17504789272,1.30070641762,1.62282487229,2.39272030651
130,00:00:02.600,10.0470545977,14.7601772031,13.5323475415,15.7898108238
131,00:00:02.620,0.796755268199,1.29322318008,1.28476213282,1.76430795019
132,00:00:02.640,9.32219827586,15.0142480843,13.5095386335,16.1921695402
133,00:00:02.660,0.532926245211,1.06681034483,1.02478448276,1.47461685824
134,00:00:02.680,8.14732998084,14.429058908,12.6604007024,15.4048132184
135,00:00:02.700,0.689415708812,1.23820641762,1.27298850575,1.8913433908
136,00:00:02.720,6.96420019157,12.186302682,11.1415229885,14.274066092
137,00:00:02.740,0.726173371648,1.08920019157,1.10751915709,1.50718390805
138,00:00:02.760,6.53855363985,12.2165349617,10.830519636,13.7364703065
139,00:00:02.780,0.585308908046,0.951867816092,0.955399904215,1.32902298851
140,00:00:02.800,6.02957375479,10.5544779693,10.3109833972,14.3488984674
141,00:00:02.820,0.699652777778,0.833213601533,0.955938697318,1.33494971264
142,00:00:02.840,5.75293342912,10.2093510536,10.0987587803,14.3339918582
143,00:00:02.860,0.509937739464,1.04418103448,0.989483556833,1.41433189655
144,00:00:02.880,5.89715038314,9.60721982759,9.78633860153,13.8546455939
145,00:00:02.900,0.729226532567,0.929897030651,1.14301963602,1.76993534483
146,00:00:02.920,5.72707136015,8.8902658046,9.55134498723,14.0366977969
147,00:00:02.940,0.263350095785,0.58902059387,0.540070242656,0.767840038314
148,00:00:02.960,6.49167863985,8.48868534483,9.87340357599,14.6398467433
149,00:00:02.980,0.369971264368,0.791666666667,0.700351213282,0.939415708812
150,00:00:03.000,6.31956417625,7.54238505747,9.14439655172,13.5712404215
151,00:00:03.020,0.50317289272,0.866977969349,0.849856321839,1.17941810345
152,00:00:03.040,6.17774185824,7.18666187739,8.57555076628,12.3622485632
153,00:00:03.060,0.684207375479,0.878292624521,0.992317209451,1.41445162835
154,00:00:03.080,6.29046934866,7.20085009579,8.52542305236,12.0849497126
155,00:00:03.100,0.525981800766,1.04891044061,0.976293103448,1.35398706897
156,00:00:03.120,5.90816570881,7.74317528736,8.43213202427,11.6450550766
157,00:00:03.140,0.538912835249,1.25969827586,1.15529214559,1.66726532567
158,00:00:03.160,6.15888409962,9.08010057471,9.41022110473,12.9916786398
159,00:00:03.180,0.396611590038,1.12128831418,0.988904853129,1.44881465517
160,00:00:03.200,6.43109434866,10.627993295,10.2893318966,13.808908046
161,00:00:03.220,0.306513409962,0.733297413793,0.719388569604,1.11835488506
162,00:00:03.240,6.8593151341,10.6227849617,11.2344947318,16.2213840996
163,00:00:03.260,0.247006704981,1.1713960728,0.91099936143,1.31459530651
164,00:00:03.280,7.02993295019,11.5768678161,11.2975335249,15.2857998084
165,00:00:03.300,0.291367337165,0.945522030651,0.80621408046,1.18175287356
166,00:00:03.320,9.12039032567,16.0341834291,14.1276939655,17.2285081418
167,00:00:03.340,0.307231800766,0.831836685824,0.77037436143,1.1720545977
168,00:00:03.360,8.98844588123,14.5929118774,13.7200071839,17.5786637931
169,00:00:03.380,0.374102011494,0.993115421456,0.820142879949,1.0932112069
170,00:00:03.400,11.0435225096,15.6347581418,15.1497844828,18.7710727969
171,00:00:03.420,0.514487547893,0.945581896552,0.871208492976,1.15355603448
172,00:00:03.440,11.2764008621,16.624401341,15.7330978608,19.2984913793
173,00:00:03.460,0.365301724138,0.657267720307,0.604465996169,0.790828544061
174,00:00:03.480,14.1842073755,17.5272988506,17.0434626437,19.418881705
175,00:00:03.500,0.401460727969,0.594228927203,0.573615102171,0.725155651341
176,00:00:03.520,19.9087643678,18.4024784483,19.0576109515,18.8615900383
177,00:00:03.540,0.738864942529,0.595845306513,0.719947318008,0.825131704981
178,00:00:03.560,22.3825431034,18.1765445402,19.6252993295,18.3168103448
179,00:00:03.580,0.738206417625,0.790349616858,0.811921296296,0.907207854406
180,00:00:03.600,22.7543103448,18.6056034483,19.7851412835,17.9955100575
181,00:00:03.620,0.875119731801,1.02705938697,1.02815692848,1.18229166667
182,00:00:03.640,23.4261853448,19.2613146552,20.3598738825,18.3921216475
183,00:00:03.660,0.794061302682,1.23623084291,1.20737547893,1.59183429119
184,00:00:03.680,25.5110153257,20.648467433,22.0521831098,19.9970665709
185,00:00:03.700,0.948694923372,1.04920977011,1.12950989783,1.390625
186,00:00:03.720,26.7272509579,22.0561542146,22.6629350255,19.2053999042
187,00:00:03.740,0.820102969349,0.921156609195,0.974337484036,1.18175287356
188,00:00:03.760,29.1844468391,24.0104765326,24.734175447,21.0076029693
189,00:00:03.780,1.58997844828,1.06788793103,1.42275303321,1.61039272031
190,00:00:03.800,30.8360871648,24.7820881226,25.8506345785,21.9337284483
191,00:00:03.820,1.20462164751,1.05525622605,1.28853368455,1.60572318008
192,00:00:03.840,83.3724257663,103.259877874,83.410640166,63.5996168582
193,00:00:03.860,9.28639846743,2.1411637931,6.56794779693,8.27628113027
194,00:00:03.880,12.4272030651,4.48772749042,9.90401500639,12.7971144636
195,00:00:03.900,5.1091355364,1.38128591954,3.98820641762,5.47419779693
196,00:00:03.920,12.379190613,4.58375239464,9.94230922733,12.8639846743
197,00:00:03.940,7.61093151341,1.64709051724,5.35312899106,6.80136494253
198,00:00:03.960,11.8958333333,4.4215756705,9.66343390805,12.6728927203
199,00:00:03.980,4.89439655172,1.32411398467,3.75886015326,5.05806992337
200,00:00:04.000,9.72461685824,3.79897030651,8.2662436143,11.2751436782
201,00:00:04.020,6.06872605364,1.34608477011,4.45142879949,5.93947557471
202,00:00:04.040,9.4843151341,3.1252394636,7.36252793742,9.47802921456
203,00:00:04.060,4.01760057471,1.06908524904,3.14200191571,4.33931992337
204,00:00:04.080,7.17337164751,2.83219588123,6.44737787356,9.33656609195
205,00:00:04.100,5.16002155172,1.2338362069,3.95591874202,5.47389846743
206,00:00:04.120,7.87092911877,2.46683429119,6.23603128991,8.37033045977
207,00:00:04.140,3.27496408046,0.934686302682,2.68285041507,3.83890086207
208,00:00:04.160,7.69462404215,2.45456178161,6.45615820562,9.2192887931
209,00:00:04.180,6.05423850575,1.37128831418,4.55254230524,6.23210009579
210,00:00:04.200,7.92822078544,2.40511254789,6.51891762452,9.22341954023
211,00:00:04.220,3.4998204023,1.05944683908,3.02664032567,4.52065373563
212,00:00:04.240,7.57130028736,2.1407447318,5.92542704342,8.06423611111
213,00:00:04.260,4.81136254789,1.07034243295,3.75897988506,5.39523467433
214,00:00:04.280,6.2659841954,2.00658524904,5.01145434227,6.76179358238
215,00:00:04.300,2.28729645594,0.740780651341,1.96254390166,2.8595545977
216,00:00:04.320,5.98712883142,1.76335009579,4.79306353768,6.62871168582
217,00:00:04.340,3.13032806513,0.813158524904,2.54986829502,3.70611829502
218,00:00:04.360,6.82686781609,1.9691690613,5.3590357599,7.2810704023
219,00:00:04.380,2.40810584291,0.862787356322,2.13675367178,3.13936781609
220,00:00:04.400,7.64732998084,2.23204022989,6.01875798212,8.17690373563
221,00:00:04.420,3.58075909962,0.953484195402,2.99602889527,4.4538433908
222,00:00:04.440,8.46467911877,2.62224616858,6.65479326309,8.87745450192
223,00:00:04.460,2.98868534483,0.968989463602,2.58724457216,3.80405890805
224,00:00:04.480,8.63332136015,2.80070641762,7.1567887931,10.0363386015
225,00:00:04.500,5.23215996169,1.22282088123,4.1720146871,6.06106321839
226,00:00:04.520,8.12853208812,2.65313697318,6.48840597063,8.68354885057
227,00:00:04.540,2.99551005747,0.851233237548,2.48623084291,3.61194923372
228,00:00:04.560,6.45162835249,2.09829980843,5.22918662197,7.13763170498
229,00:00:04.580,4.16864224138,0.806333812261,3.21202506386,4.66109913793
230,00:00:04.600,5.9838362069,1.61470306513,4.72786957216,6.58506944444
231,00:00:04.620,2.1254190613,0.536877394636,1.75842113665,2.61296695402
232,00:00:04.640,5.10087404215,1.55172413793,4.25115740741,6.10087404215
233,00:00:04.660,3.23239942529,1.04956896552,2.85376756066,4.27933429119
234,00:00:04.680,6.65367576628,2.44306752874,5.80419859515,8.31585249042
235,00:00:04.700,2.88146551724,1.05028735632,2.68530491699,4.12416187739
236,00:00:04.720,8.89804837165,2.84979645594,7.483975894,10.7040828544
237,00:00:04.740,3.75945881226,0.959530651341,3.27306832695,5.10021551724
238,00:00:04.760,9.95013170498,3.48030411877,8.31792784163,11.5233477011
239,00:00:04.780,5.12841235632,1.33141762452,4.18977490421,6.1094947318
240,00:00:04.800,12.4775502874,4.12182710728,9.98058349298,13.3423730843
241,00:00:04.820,5.33656609195,1.578723659,4.62378272669,6.95605842912
242,00:00:04.840,13.1533165709,4.48132183908,10.4839359834,13.8171695402
243,00:00:04.860,5.44492337165,1.46653496169,4.32716714559,6.07004310345
244,00:00:04.880,12.2973539272,4.50712404215,10.0230882822,13.2647868774
245,00:00:04.900,7.00443007663,1.41906130268,5.1561103129,7.04483955939
246,00:00:04.920,11.6121886973,3.96773227969,9.02181114304,11.4855124521
247,00:00:04.940,5.28256704981,1.35416666667,4.1558708493,5.83087883142
248,00:00:04.960,9.95516044061,3.42271312261,7.92410999361,10.3944564176
249,00:00:04.980,5.38170498084,1.40170019157,4.2193885696,5.8747605364
250,00:00:05.000,9.13631465517,3.1242217433,7.25435025543,9.50251436782
251,00:00:05.020,3.83686542146,1.16738505747,3.2188497765,4.65229885057
252,00:00:05.040,8.12224616858,3.24371408046,7.00209530651,9.6403256705
253,00:00:05.060,6.11715756705,1.33063936782,4.59869891443,6.34829980843
254,00:00:05.080,10.1515804598,3.52227011494,8.25361190932,11.0869851533
255,00:00:05.100,4.57555076628,1.29316331418,3.77017480843,5.44181034483
256,00:00:05.120,10.3442289272,3.7495210728,8.32710727969,10.8875718391
257,00:00:05.140,5.79944923372,1.4528855364,4.63176484674,6.64295977011
258,00:00:05.160,8.9220545977,3.24048132184,7.36621966794,9.93612308429
259,00:00:05.180,4.16882183908,1.02017480843,3.30631385696,4.72994492337
260,00:00:05.200,7.2505387931,2.20504070881,5.82241778416,8.01167385057
261,00:00:05.220,3.98180076628,0.896132662835,3.24135935504,4.84614463602
262,00:00:05.240,7.71282327586,2.27155172414,5.89509498723,7.70090996169
263,00:00:05.260,3.11721743295,0.900862068966,2.69083253512,4.05441810345
264,00:00:05.280,7.24149904215,2.32106082375,5.8901061622,8.10775862069
265,00:00:05.300,4.72737068966,0.921036877395,3.59642401022,5.1408644636
266,00:00:05.320,8.77155172414,2.5308908046,6.75550766284,8.96408045977
267,00:00:05.340,3.64254070881,0.848299808429,2.88176484674,4.15445402299
268,00:00:05.360,8.19504310345,2.47778975096,6.54298371648,8.95611829502
269,00:00:05.380,3.6096144636,0.912416187739,3.02600175607,4.55597461686
270,00:00:05.400,7.76430795019,2.50371168582,6.36767640485,8.83500957854
271,00:00:05.420,3.03280651341,0.990840517241,2.66981960409,3.98581178161
272,00:00:05.440,8.48257902299,2.47802921456,6.64529454023,8.97527538314
273,00:00:05.460,4.31812739464,0.986590038314,3.41012132822,4.92564655172
274,00:00:05.480,8.63380028736,2.61925287356,6.77691969987,9.0777059387
275,00:00:05.500,3.02693965517,0.989343869732,2.58748403576,3.74616858238
276,00:00:05.520,6.62757423372,2.38930795019,5.55553560026,7.64972461686
277,00:00:05.540,3.25508860153,0.774784482759,2.50550766284,3.48664990421
278,00:00:05.560,6.80046695402,2.1398467433,5.32365501277,7.030651341
279,00:00:05.580,2.5936302682,0.759877873563,2.21198515326,3.28244731801
280,00:00:05.600,7.36578065134,2.53226772031,5.87667624521,7.73198036398
281,00:00:05.620,3.45611829502,0.969228927203,2.86330619413,4.16457136015
282,00:00:05.640,9.01897749042,3.03837404215,7.14709051724,9.38392001916
283,00:00:05.660,4.40475335249,1.32710727969,3.57726692209,4.9999401341
284,00:00:05.680,9.76478687739,3.40714798851,7.7507183908,10.0802203065
285,00:00:05.700,4.968151341,1.26107519157,3.79922972542,5.16846264368
286,00:00:05.720,10.7713721264,3.78310584291,8.50991778416,10.9752753831
287,00:00:05.740,3.86081178161,1.19246886973,3.19173052363,4.52191091954
288,00:00:05.760,7.33818247126,3.24634818008,6.49273627075,8.89367816092
289,00:00:05.780,3.58620689655,1.12194683908,3.06730922733,4.49377394636
290,00:00:05.800,8.55112547893,3.22300047893,7.15846503831,9.70126915709
291,00:00:05.820,3.51233237548,1.10326867816,2.8751197318,4.00975814176
292,00:00:05.840,7.14415708812,3.15026340996,6.55479725415,9.36997126437
293,00:00:05.860,4.34375,1.49497126437,3.93097461686,5.95420258621
294,00:00:05.880,86.8049568966,70.4973659004,88.0389727011,106.814595307
295,00:00:05.900,4.68504549808,1.52646072797,3.99369412516,5.76957614943
296,00:00:05.920,13.032447318,8.2027658046,12.2006904534,15.3668582375
297,00:00:05.940,3.50407088123,1.2191690613,3.10456577267,4.59045737548
298,00:00:05.960,13.6921096743,9.45150862069,12.6653296616,14.8523706897
299,00:00:05.980,2.75921934866,0.904573754789,2.28298611111,3.18516522989
300,00:00:06.000,11.7286877395,9.27466475096,11.6852849617,14.0525023946
301,00:00:06.020,3.97719109195,1.09231321839,3.2661637931,4.72898706897
302,00:00:06.040,11.8880507663,8.28789511494,11.4129549808,14.0629190613
303,00:00:06.060,2.61476293103,0.993055555556,2.26985552363,3.20174808429
304,00:00:06.080,14.135835728,9.88601532567,13.2663433908,15.7771791188
305,00:00:06.100,3.23611111111,0.955340038314,2.71549728608,3.95504070881
306,00:00:06.120,16.0966834291,11.555914751,15.0502274904,17.4980842912
307,00:00:06.140,3.16373323755,0.8750598659,2.55595466156,3.62907088123
308,00:00:06.160,11.8784722222,8.56549329502,11.4130747126,13.7952586207
309,00:00:06.180,3.25251436782,0.876736111111,2.64557391443,3.80747126437
310,00:00:06.200,13.5698635057,8.89553400383,12.170677682,14.0466355364
311,00:00:06.220,3.33836206897,0.853747605364,2.72743055556,3.99018199234
312,00:00:06.240,13.4173850575,7.65804597701,11.7425167625,14.1521192529
313,00:00:06.260,2.22904693487,0.872306034483,2.13050766284,3.29017001916
314,00:00:06.280,16.7569444444,10.8250718391,15.4549409323,18.7828065134
315,00:00:06.300,2.78484195402,0.959291187739,2.55132503193,3.90984195402
316,00:00:06.320,15.0754909004,8.9064894636,13.8081497446,17.4424688697
317,00:00:06.340,2.58536877395,0.989643199234,2.46410041507,3.81728927203
318,00:00:06.360,18.0831537356,12.9546216475,17.332315613,20.9591714559
319,00:00:06.380,4.08890086207,1.23180076628,3.34975654534,4.72856800766
320,00:00:06.400,15.073934387,9.9060105364,14.1572078544,17.4916786398
321,00:00:06.420,3.70593869732,1.16840277778,3.07950191571,4.36416427203
322,00:00:06.440,16.1495450192,10.9740780651,15.7985911558,20.2721503831
323,00:00:06.460,2.71384099617,0.889307950192,2.39258061941,3.57459291188
324,00:00:06.480,16.1011733716,11.231381705,16.0518039591,20.8228568008
325,00:00:06.500,3.9061302682,1.03298611111,3.24385376756,4.79244492337
326,00:00:06.520,12.6893558429,9.50508860153,13.2981720945,17.7000718391
327,00:00:06.540,3.62643678161,1.03909243295,3.14166267561,4.75945881226
328,00:00:06.560,16.1860632184,12.2585009579,15.9346463921,19.359375
329,00:00:06.580,2.7960967433,1.06567289272,2.52783764368,3.72174329502
330,00:00:06.600,16.4158285441,9.21791187739,14.7756026501,18.6930675287
331,00:00:06.620,3.06567289272,1.04962883142,2.78406369732,4.23688936782
332,00:00:06.640,18.759039751,13.4158285441,18.3135576309,22.7658045977
333,00:00:06.660,2.34159482759,0.916127873563,2.11274744572,3.08051963602
334,00:00:06.680,20.0519037356,12.3293821839,18.3630467752,22.7078544061
335,00:00:06.700,4.2819683908,1.12823275862,3.5002793742,5.09063697318
336,00:00:06.720,16.423072318,11.7399425287,16.3849976054,20.9919779693
337,00:00:06.740,3.84027777778,1.17067768199,3.35741938059,5.06130268199
338,00:00:06.760,17.2650862069,10.0994372605,15.9562380268,20.504190613
339,00:00:06.780,3.68271072797,1.21581657088,3.11358556833,4.44222940613
340,00:00:06.800,18.3301604406,12.5076029693,17.687699553,22.225335249
341,00:00:06.820,2.94600095785,0.862128831418,2.452725894,3.55004789272
342,00:00:06.840,19.4761135057,12.9118175287,18.7982519157,24.0068247126
343,00:00:06.860,3.78729645594,1.17941810345,3.27111270754,4.84662356322
344,00:00:06.880,16.5082614943,11.079920977,16.2772988506,21.2437140805
345,00:00:06.900,3.16517001916,1.21258381226,2.92059786079,4.38403975096
346,00:00:06.920,20.8915828544,12.92786159,19.0520434227,23.3366858238
347,00:00:06.940,4.01011733716,1.27155172414,3.4836166986,5.16918103448
348,00:00:06.960,20.6264367816,11.9947318008,18.2847022669,22.2329382184
349,00:00:06.980,3.58794300766,1.25484913793,3.55338042784,5.81734913793
350,00:00:07.000,23.6954022989,13.9618055556,20.6481880587,24.2873563218
351,00:00:07.020,2.82626915709,0.947677203065,2.46122685185,3.6097341954
352,00:00:07.040,22.4405531609,13.8878711686,19.1006545338,20.973539272
353,00:00:07.060,4.02969348659,1.08237547893,3.08171695402,4.13308189655
354,00:00:07.080,14.7443127395,11.3547653257,14.7781768838,18.2354525862
355,00:00:07.100,3.84458812261,0.982698754789,2.96545737548,4.06908524904
356,00:00:07.120,16.648467433,10.6507423372,15.0785440613,17.9364224138
357,00:00:07.140,3.16199712644,1.07046216475,2.64439655172,3.70073036398
358,00:00:07.160,14.2964559387,8.68941570881,12.66588841,15.0117935824
359,00:00:07.180,4.24401340996,1.21557710728,3.30525622605,4.45617816092
360,00:00:07.200,13.1446958812,8.23623084291,11.6909722222,13.6919899425
361,00:00:07.220,3.36931273946,1.02394636015,2.62360312899,3.47755028736
362,00:00:07.240,12.9018797893,8.48653017241,11.7256345785,13.7884937739
363,00:00:07.260,2.61416427203,0.894276819923,2.13974696679,2.91079980843
364,00:00:07.280,13.1870809387,8.00880028736,11.5744731801,13.5275383142
365,00:00:07.300,3.44731800766,0.986111111111,2.68562420179,3.62344348659
366,00:00:07.320,11.5900981801,8.10368773946,11.1313457854,13.7002514368
367,00:00:07.340,3.25939894636,0.940134099617,2.45969029374,3.17953783525
368,00:00:07.360,12.6669061303,8.47240181992,11.546675447,13.5007183908
369,00:00:07.380,2.76694204981,1.41151819923,2.51688218391,3.37218630268
370,00:00:07.400,77.8820641762,53.8166307471,71.3111430396,82.2347341954
371,00:00:07.420,9.18055555556,2.63709291188,6.97222222222,9.09901819923
372,00:00:07.440,15.5521431992,7.13380028736,13.170079023,16.8242935824
373,00:00:07.460,8.483776341,1.98629070881,6.11258780332,7.86769636015
374,00:00:07.480,14.6891163793,6.86667863985,12.2443326948,15.1772030651
375,00:00:07.500,5.71545737548,1.59943726054,4.45126915709,6.03891283525
376,00:00:07.520,14.0789032567,7.04250478927,12.2562659642,15.6473898467
377,00:00:07.540,7.57279693487,1.8601532567,5.45683668582,6.9375598659
378,00:00:07.560,15.0022749042,6.95988984674,12.616758461,15.8881106322
379,00:00:07.580,5.34782088123,1.56363745211,4.12276500639,5.45683668582
380,00:00:07.600,15.6088960728,7.17343151341,12.8663992656,15.8168702107
381,00:00:07.620,7.25610632184,1.86805555556,5.31599217752,6.82381465517
382,00:00:07.640,15.2851412835,7.38487787356,12.6897749042,15.3993055556
383,00:00:07.660,4.98808668582,1.47731082375,3.98058349298,5.47635296935
384,00:00:07.680,14.4003831418,6.68474616858,12.0848299808,15.1693606322
385,00:00:07.700,7.10021551724,1.85452586207,5.218350894,6.70031130268
386,00:00:07.720,14.164092433,6.84650383142,11.9392560664,14.8071719349
387,00:00:07.740,5.33943965517,1.49443247126,4.09548611111,5.4525862069
388,00:00:07.760,14.8998443487,6.80429837165,12.3735432631,15.416487069
389,00:00:07.780,6.99862308429,1.74467193487,5.09506704981,6.54190613027
390,00:00:07.800,15.4616259579,6.79406130268,12.8049369413,16.1591235632
391,00:00:07.820,5.47347940613,1.54513888889,4.34698275862,6.02232998084
392,00:00:07.840,14.6180555556,6.98102250958,12.2223020434,15.0678280651
393,00:00:07.860,6.48964319923,1.62877155172,4.80322078544,6.29124760536
394,00:00:07.880,14.6054238506,6.62272509579,11.9247685185,14.5461566092
395,00:00:07.900,6.09375,1.49263649425,4.5304717433,6.00502873563
396,00:00:07.920,14.8872725096,6.60027538314,11.9842752235,14.4652777778
397,00:00:07.940,7.46126676245,1.81890565134,5.41664671137,6.96976772031
398,00:00:07.960,14.4412116858,6.56034482759,11.9901819923,14.9689894636
399,00:00:07.980,5.56980363985,1.5004789272,4.38435903576,6.08279454023
400,00:00:08.000,14.1890565134,6.45396312261,11.6269755747,14.2379070881
401,00:00:08.020,8.03999042146,1.86488266284,5.63405970626,6.99730603448
402,00:00:08.040,14.1140445402,6.45767480843,11.6980563538,14.5224497126
403,00:00:08.060,5.51831896552,1.45007183908,4.26199313538,5.81758860153
404,00:00:08.080,14.2107878352,6.16187739464,11.5511055236,14.280651341
405,00:00:08.100,7.09261254789,1.68438697318,5.14303959132,6.65211925287
406,00:00:08.120,13.7525143678,5.87871168582,11.1675047893,13.8712883142
407,00:00:08.140,5.23293821839,1.47952586207,4.11939256066,5.64571360153
408,00:00:08.160,13.1912116858,6.2340756705,10.9380587484,13.3888888889
409,00:00:08.180,6.55190373563,1.64517480843,4.84113585568,6.32632902299
410,00:00:08.200,14.0438218391,6.09015804598,11.4567568646,14.2362907088
411,00:00:08.220,5.50113745211,1.41062021073,4.22940613027,5.77646072797
412,00:00:08.240,13.2340756705,5.84949712644,11.043682152,14.047473659
413,00:00:08.260,7.28538074713,1.70138888889,5.27672014687,6.8433908046
414,00:00:08.280,13.6925287356,5.81651101533,11.1338002874,13.8923611111
415,00:00:08.300,5.50862068966,1.36386494253,4.203723659,5.73868534483
416,00:00:08.320,12.6495450192,5.87978927203,10.5693446679,13.1786997126
417,00:00:08.340,6.6872006705,1.56022509579,4.92059786079,6.51436781609
418,00:00:08.360,13.1680435824,5.62062978927,10.5909762133,12.9842552682
419,00:00:08.380,6.1256585249,1.39894636015,4.42069763729,5.73748802682
420,00:00:08.400,12.7002514368,5.82465277778,10.6548730843,13.4397150383
421,00:00:08.420,6.96324233716,1.6873204023,5.14663154534,6.78933189655
422,00:00:08.440,12.8824832375,5.73557231801,10.7282088123,13.5665708812
423,00:00:08.460,5.53783524904,1.3284841954,4.04372206258,5.2648467433
424,00:00:08.480,13.8760177203,5.64601293103,11.0970625798,13.7691570881
425,00:00:08.500,7.14876676245,1.57716714559,5.03683748404,6.38457854406
426,00:00:08.520,13.1569683908,5.54771312261,10.7734275223,13.6156010536
427,00:00:08.540,6.04202586207,1.28723659004,4.36222860792,5.75742337165
428,00:00:08.560,12.9548012452,5.66451149425,10.687300447,13.4425886015
429,00:00:08.580,7.17893917625,1.58548850575,5.07114064496,6.44899425287
430,00:00:08.600,12.4622246169,5.47731082375,10.1835488506,12.6111111111
431,00:00:08.620,5.4371408046,1.35422653257,4.11360552363,5.54944923372
432,00:00:08.640,12.5225095785,5.55848898467,10.3003671775,12.8201029693
433,00:00:08.660,7.12206657088,1.60093390805,5.08652618135,6.53657806513
434,00:00:08.680,13.466954023,5.72216235632,10.8968510536,13.5014367816
435,00:00:08.700,5.85686063218,1.31794779693,4.29771312261,5.7183309387
436,00:00:08.720,13.0620210728,5.74287595785,10.7309227331,13.3878711686
437,00:00:08.740,7.84871886973,1.66894157088,5.35422653257,6.54501915709
438,00:00:08.760,13.50963841,5.80549568966,10.9138928799,13.4265445402
439,00:00:08.780,5.48754789272,1.32136015326,3.96182551086,5.07656848659
440,00:00:08.800,14.0950071839,5.8752993295,11.2408006066,13.7520953065
441,00:00:08.820,6.74311542146,1.5942289272,4.83417145594,6.16517001916
442,00:00:08.840,13.3652418582,5.69456417625,10.895613825,13.6270354406
443,00:00:08.860,4.33782327586,1.34111590038,3.61607998084,5.16930076628
444,00:00:08.880,13.5814176245,5.9064894636,11.1027099298,13.8202227011
445,00:00:08.900,6.97988505747,1.60021551724,4.95116938059,6.27340756705
446,00:00:08.920,14.2946000958,6.22916666667,11.5351213282,14.0815972222
447,00:00:08.940,5.172473659,1.3279454023,4.00301325032,5.50862068966
448,00:00:08.960,14.0908165709,5.80304118774,11.2847222222,13.960308908
449,00:00:08.980,7.49574952107,1.63445881226,5.3286438378,6.85572318008
450,00:00:09.000,13.7249760536,6.06926484674,11.201329023,13.8097461686
451,00:00:09.020,5.41864224138,1.50335249042,4.26229246488,5.86488266284
452,00:00:09.040,14.0981202107,6.38757183908,11.6436781609,14.445342433
453,00:00:09.060,6.93516522989,1.64673132184,5.01161398467,6.4529454023
454,00:00:09.080,14.1407447318,6.234973659,11.4831976373,14.0738745211
455,00:00:09.100,5.85751915709,1.49545019157,4.41662675607,5.89691091954
456,00:00:09.120,13.9094228927,6.49533045977,11.8096863027,15.0243055556
457,00:00:09.140,6.81082375479,1.73299808429,5.10318885696,6.7657447318
458,00:00:09.160,14.6964200192,6.28424329502,11.7795338442,14.3579382184
459,00:00:09.180,5.97755028736,1.46713362069,4.44236909323,5.88242337165
460,00:00:09.200,14.8047772989,6.89511494253,12.3464639208,15.3394995211
461,00:00:09.220,6.89679118774,1.6712164751,4.98978288633,6.40134099617
462,00:00:09.240,14.2622126437,6.50496886973,11.7089918582,14.3597940613
463,00:00:09.260,6.32040229885,1.53424329502,4.6400462963,6.06549329502
464,00:00:09.280,14.7474257663,6.66439176245,12.2664631226,15.3875718391
465,00:00:09.300,6.86997126437,1.73742816092,5.10213122605,6.69899425287
466,00:00:09.320,13.5695641762,6.77077346743,11.6537755428,14.6209889847
467,00:00:09.340,5.53633860153,1.49395354406,4.14643199234,5.40900383142
468,00:00:09.360,13.5468151341,6.56645114943,11.4774505109,14.319085249
469,00:00:09.380,6.72814894636,1.80148467433,5.21493853768,7.11518199234
470,00:00:09.400,14.2021671456,6.56663074713,11.5675686462,13.933908046
471,00:00:09.420,5.79591714559,1.55872844828,4.42572637292,5.9225335249
472,00:00:09.440,13.5930316092,6.30968630268,11.3933588761,14.2773587165
473,00:00:09.460,6.91355363985,1.69498323755,5.1257583014,6.76873802682
474,00:00:09.480,13.9870689655,6.2963362069,11.6189734994,14.5735153257
475,00:00:09.500,5.74449233716,1.47647270115,4.45404294381,6.1411637931
476,00:00:09.520,13.5492097701,5.98293821839,11.3255108557,14.4443845785
477,00:00:09.540,7.1874401341,1.68199233716,5.34375,7.16181752874
478,00:00:09.560,12.9412116858,5.86817528736,11.0568925607,14.3612907088
479,00:00:09.580,5.70977011494,1.47431752874,4.42454901022,6.08955938697
480,00:00:09.600,12.1220665709,5.61147030651,10.1677242976,12.7696360153
481,00:00:09.620,6.8910440613,1.65259818008,5.0941091954,6.73868534483
482,00:00:09.640,11.846743295,5.34955699234,9.89278017241,12.4820402299
483,00:00:09.660,6.36332614943,1.47192289272,4.73345705619,6.36512212644
484,00:00:09.680,11.5233477011,5.19085249042,9.82285680077,12.7543702107
485,00:00:09.700,7.13691331418,1.61548132184,5.26175367178,7.03286637931
486,00:00:09.720,11.3454262452,4.82513170498,9.44059307152,12.1512212644
487,00:00:09.740,5.88793103448,1.38864942529,4.53238745211,6.32058189655
488,00:00:09.760,10.7457495211,4.72796934866,9.33949952107,12.5447796935
489,00:00:09.780,6.56052442529,1.62613745211,5.14609275223,7.25161637931
490,00:00:09.800,10.7536518199,4.65032327586,9.00083812261,11.598539272
491,00:00:09.820,5.76101532567,1.36655890805,4.38503751596,6.02753831418
492,00:00:09.840,10.6719947318,4.71599616858,9.03298611111,11.710967433
493,00:00:09.860,6.81782806513,1.61470306513,5.10115341635,6.87092911877
494,00:00:09.880,11.039691092,4.88469827586,9.50646551724,12.5950071839
495,00:00:09.900,6.72096503831,1.53849377395,5.03394396552,6.84237308429
496,00:00:09.920,10.3273467433,4.76227250958,8.91036079183,11.6414631226
497,00:00:09.940,5.59177442529,1.33979885057,4.19452426564,5.65199952107
498,00:00:09.960,10.6177562261,4.68378831418,8.95657726692,11.5681872605
499,00:00:09.980,7.23670977011,1.60524425287,5.22900702427,6.84506704981
500,00:00:10.000,11.8715876437,4.75784243295,9.64421695402,12.3032207854
501,00:00:10.020,5.30974616858,1.33441091954,4.08652618135,5.61542145594
502,00:00:10.040,10.9276221264,4.72359913793,9.16044061303,11.8301005747
503,00:00:10.060,7.97623323755,1.6085967433,5.515225894,6.96084770115
504,00:00:10.080,10.045079023,4.55878831418,8.49147908685,10.8705699234
505,00:00:10.100,5.58985871648,1.32303639847,4.2498603129,5.83668582375
506,00:00:10.120,9.73700909962,4.38529693487,8.47485632184,11.302262931
507,00:00:10.140,7.32902298851,1.62787356322,5.13900862069,6.46012931034
508,00:00:10.160,9.02448515326,4.19959291188,7.90026340996,10.4767121648
509,00:00:10.180,5.68570402299,1.29531848659,4.31673052363,5.9691690613
510,00:00:10.200,9.08949952107,4.03400383142,8.05144476373,11.0308309387
511,00:00:10.220,6.56651101533,1.48760775862,4.79268438697,6.32393438697
512,00:00:10.240,8.14780890805,3.4683309387,6.99896232439,9.38074712644
513,00:00:10.260,5.21611590038,1.32339559387,4.08716475096,5.72198275862
514,00:00:10.280,6.48910440613,2.85680076628,5.952725894,8.51227250958
515,00:00:10.300,5.77209051724,1.45522030651,4.56645114943,6.47204262452
516,00:00:10.320,5.74904214559,2.33315373563,5.17576628352,7.44510296935
517,00:00:10.340,4.02083333333,1.21114703065,3.26859833972,4.57381465517
518,00:00:10.360,4.96318247126,2.17385057471,4.54200590677,6.48898467433
519,00:00:10.380,2.41810344828,0.933369252874,2.1253192848,3.02448515326
520,00:00:10.400,7.05836925287,3.55645354406,6.60588282248,9.2028256705
521,00:00:10.420,4.65858477011,1.64481561303,3.89663154534,5.38649425287
522,00:00:10.440,11.6030890805,6.12721503831,10.8681154215,14.8740421456
523,00:00:10.460,6.20510057471,1.99233716475,5.16227650064,7.28939176245
524,00:00:10.480,75.3023227969,61.629789272,66.2935225096,61.9484554598
525,00:00:10.500,4.44875478927,1.85853687739,3.69697876756,4.78364463602
526,00:00:10.520,25.0299329502,16.1514008621,23.4926364943,29.2965756705
527,00:00:10.540,3.54855124521,1.57447318008,3.09125558748,4.15074233716
528,00:00:10.560,25.0811781609,16.5218510536,23.5259818008,28.9749161877
529,00:00:10.580,6.29052921456,1.95557950192,4.79535839719,6.1399664751
530,00:00:10.600,25.8755387931,17.5502873563,24.4282806513,29.8590158046
531,00:00:10.620,4.18881704981,1.49479166667,3.4369212963,4.62715517241
532,00:00:10.640,25.3266882184,17.9183429119,24.401660281,29.9599497126
533,00:00:10.660,5.06854645594,1.68426724138,4.00480922733,5.26161398467
534,00:00:10.680,27.344348659,19.6439774904,26.3805076628,32.1531968391
535,00:00:10.700,5.40086206897,1.62948994253,3.97804916986,4.90379549808
536,00:00:10.720,27.3663793103,19.1916307471,25.985572318,31.3987068966
537,00:00:10.740,4.0626197318,1.64978448276,3.34820003193,4.33219588123
538,00:00:10.760,26.2736470307,18.3964918582,25.0630787037,30.5190972222
539,00:00:10.780,4.71719348659,1.7339559387,3.78863346105,4.91475095785
540,00:00:10.800,23.8626676245,16.54088841,22.9391363346,28.4138529693
541,00:00:10.820,3.8899664751,1.6088960728,3.18528496169,4.05699233716
542,00:00:10.840,23.6502035441,15.2780771073,21.9566570881,26.941690613
543,00:00:10.860,4.13026819923,1.47844827586,3.20982998084,4.02077346743
544,00:00:10.880,21.9802442529,15.4707255747,21.4414112388,26.8732638889
545,00:00:10.900,5.1093151341,1.75748323755,3.97321998723,5.05286159004
546,00:00:10.920,24.191091954,16.7122844828,23.1402458493,28.5173611111
547,00:00:10.940,4.27209051724,1.53472222222,3.45745530013,4.56555316092
548,00:00:10.960,23.3032207854,16.6076987548,22.6349576948,27.9939535441
549,00:00:10.980,6.04028975096,1.72258141762,4.37132822478,5.35111350575
550,00:00:11.000,20.7808309387,14.7114463602,20.2812100894,25.3513529693
551,00:00:11.020,4.40193965517,1.56022509579,3.47884738186,4.47437739464
552,00:00:11.040,21.0761494253,14.9623443487,20.7194085249,26.1197318008
553,00:00:11.060,5.08854166667,1.65451388889,3.88523706897,4.91265565134
554,00:00:11.080,20.9829382184,14.4413912835,20.3088481801,25.5022150383
555,00:00:11.100,3.90505268199,1.47892720307,3.19993215198,4.21581657088
556,00:00:11.120,20.3512332375,14.3179477969,19.9890644955,25.2980124521
557,00:00:11.140,5.89996408046,1.73664990421,4.33750399106,5.37589798851
558,00:00:11.160,19.5502873563,13.5911159004,19.245011175,24.5936302682
559,00:00:11.180,5.4058908046,1.53304597701,3.93303001277,4.8601532567
560,00:00:11.200,19.0625,13.3854765326,18.7563058748,23.820941092
561,00:00:11.220,6.32094109195,1.77466475096,4.54360233078,5.53520114943
562,00:00:11.240,17.9520474138,13.6455340038,18.5189575351,23.9592911877
563,00:00:11.260,4.36069204981,1.59237308429,3.55559546616,4.71372126437
564,00:00:11.280,18.5045498084,14.4522868774,19.314894636,24.9878472222
565,00:00:11.300,6.73982279693,1.8282447318,4.85420657727,5.99455220307
566,00:00:11.320,18.7911877395,14.7309626437,19.385835728,24.6353568008
567,00:00:11.340,4.52699952107,1.40313697318,3.4378392401,4.38338122605
568,00:00:11.360,18.5633979885,14.5699832375,19.173271871,24.386434387
569,00:00:11.380,5.92582614943,1.87188697318,4.39758939974,5.39505507663
570,00:00:11.400,18.513230364,14.1954022989,18.8957535121,23.9786278736
571,00:00:11.420,5.19689894636,1.54501915709,3.81639128352,4.70725574713
572,00:00:11.440,17.9770713602,13.8211206897,18.3809267241,23.3445881226
573,00:00:11.460,7.00377155172,1.79926963602,4.86516203704,5.79244492337
574,00:00:11.480,18.5695641762,13.9199592912,18.7837843231,23.8618295019
575,00:00:11.500,5.39637212644,1.57513170498,3.96142640485,4.91277538314
576,00:00:11.520,17.6673850575,13.6610991379,18.2445122925,23.405052682
577,00:00:11.540,5.95689655172,1.81333812261,4.46609594508,5.62805316092
578,00:00:11.560,17.3295617816,13.8336925287,18.1821320243,23.3831417625
579,00:00:11.580,4.87679597701,1.48712883142,3.67309227331,4.65535201149
580,00:00:11.600,17.4113386015,14.1987547893,18.507383461,23.9120569923
581,00:00:11.620,3.57614942529,1.37224616858,2.94043342912,3.87290469349
582,00:00:11.640,19.0809386973,14.9096024904,19.6504430077,24.9607878352
583,00:00:11.660,4.38344109195,1.41954022989,3.37651660281,4.32656848659
584,00:00:11.680,18.1684027778,14.7917265326,19.223738825,24.7110871648
585,00:00:11.700,4.39331896552,1.44857519157,3.40934307152,4.38613505747
586,00:00:11.720,17.5922533525,14.7975933908,19.2757622925,25.4374401341
587,00:00:11.740,4.14379789272,1.48940373563,3.21641522989,4.0160440613
588,00:00:11.760,18.1645713602,15.356381705,19.6218869732,25.3447078544
589,00:00:11.780,4.34291187739,1.5162835249,3.42923850575,4.42852011494
590,00:00:11.800,18.7534722222,15.3927203065,19.8729845147,25.4727610153
591,00:00:11.820,4.17540708812,1.36141044061,3.13661398467,3.87302442529
592,00:00:11.840,18.566091954,15.804058908,20.1451548531,26.0653136973
593,00:00:11.860,4.30100574713,1.47288074713,3.26354964879,4.01676245211
594,00:00:11.880,19.851592433,15.7443726054,20.6476492656,26.3469827586
595,00:00:11.900,3.62739463602,1.42043821839,2.90042305236,3.65343630268
596,00:00:11.920,18.6179358238,15.6485272989,20.0434626437,25.8639248084
597,00:00:11.940,6.57195881226,1.64152298851,4.47739064496,5.2186901341
598,00:00:11.960,18.5334051724,14.5090996169,19.1430795019,24.3867337165
599,00:00:11.980,5.12068965517,1.42379070881,3.66979964879,4.46491858238
600,00:00:12.000,18.2781369732,14.0029334291,18.6745689655,23.7426364943
601,00:00:12.020,4.39613266284,1.43265086207,3.3281848659,4.1557710728
602,00:00:12.040,18.0819564176,13.2786757663,18.0651141443,22.834710249
603,00:00:12.060,3.99107998084,1.44630028736,3.21721344189,4.21426005747
604,00:00:12.080,17.3562619732,12.3229765326,17.159841954,21.8002873563
605,00:00:12.100,5.18576388889,1.38840996169,3.69500319285,4.51083572797
606,00:00:12.120,18.8814655172,12.309506705,17.8368654215,22.3196240421
607,00:00:12.140,4.91355363985,1.60416666667,3.6256984355,4.359375
608,00:00:12.160,19.5290349617,12.9598299808,18.6389088442,23.42786159
609,00:00:12.180,6.30220306513,1.57273706897,4.34664351852,5.16499042146
610,00:00:12.200,19.7197078544,12.1139248084,18.0840118135,22.4184027778
611,00:00:12.220,5.45767480843,1.36428400383,3.77205060664,4.49419300766
612,00:00:12.240,21.6005148467,11.886434387,18.7673810664,22.8151939655
613,00:00:12.260,6.61859434866,1.50215517241,4.29182630907,4.75472940613
614,00:00:12.280,19.9962883142,11.9889846743,18.0788034802,22.2511374521
615,00:00:12.300,5.82471264368,1.39266044061,4.11647908685,5.13206417625
616,00:00:12.320,19.6955818966,11.8909841954,17.8790509259,22.0505866858
617,00:00:12.340,4.56100335249,1.35560344828,3.25351213282,3.8439295977
618,00:00:12.360,19.7504789272,11.3645833333,17.5209331098,21.447737069
619,00:00:12.380,6.91205699234,1.62080938697,4.68348898467,5.51760057471
620,00:00:12.400,14.9400742337,9.75550766284,14.1174768519,17.656848659
621,00:00:12.420,4.77927442529,1.27957375479,3.31912515964,3.89852729885
622,00:00:12.440,16.2994492337,9.82728687739,14.9598698914,18.7528735632
623,00:00:12.460,7.06004549808,1.73329741379,4.78294620051,5.55549568966
624,00:00:12.480,14.6853448276,9.61536159004,13.7671016922,17.000598659
625,00:00:12.500,5.57339559387,1.36667863985,3.81351772031,4.5004789272
626,00:00:12.520,15.5179597701,9.74820402299,14.4575550766,18.1065014368
627,00:00:12.540,4.66415229885,1.41379310345,3.33664591315,3.93199233716
628,00:00:12.560,14.7264727011,9.37889128352,13.793881705,17.2762811303
629,00:00:12.580,6.6404454023,1.5777658046,4.5160640166,5.32998084291
630,00:00:12.600,14.7648467433,9.29022988506,13.6143039591,16.787835249
631,00:00:12.620,4.98563218391,1.20510057471,3.31411637931,3.75161637931
632,00:00:12.640,13.8651819923,9.0929717433,13.1456936462,16.4789272031
633,00:00:12.660,3.3902658046,1.17085727969,2.51863825032,2.99479166667
634,00:00:12.680,15.2321000958,9.9536637931,14.3298012452,17.8036398467
635,00:00:12.700,4.2029454023,1.1101532567,2.95484115581,3.55142480843
636,00:00:12.720,16.4805435824,11.0037116858,15.5189774904,19.0726772031
637,00:00:12.740,3.2814295977,1.25933908046,2.61478288633,3.30357998084
638,00:00:12.760,16.0139487548,11.7331178161,15.8790110153,19.8899664751
639,00:00:12.780,5.16175766284,1.2961566092,3.50640565134,4.06130268199
640,00:00:12.800,17.0753113027,12.3627274904,16.6079382184,20.3857758621
641,00:00:12.820,3.16678639847,1.28406369732,2.55230284163,3.20605842912
642,00:00:12.840,16.4551604406,11.9624042146,16.1219268838,19.9482159962
643,00:00:12.860,5.05375957854,1.41942049808,3.58030012771,4.26772030651
644,00:00:12.880,15.362966954,11.3497964559,15.2833253512,19.1372126437
645,00:00:12.900,4.45013170498,1.36087164751,3.07487228608,3.41361350575
646,00:00:12.920,15.2753232759,10.6091954023,14.7112667625,18.2492816092
647,00:00:12.940,5.29040948276,1.4534243295,3.69332694764,4.33614703065
648,00:00:12.960,13.6037476054,9.27143199234,13.0875239464,16.3873922414
649,00:00:12.980,3.06525383142,1.19031369732,2.421875,3.01005747126
650,00:00:13.000,14.9583333333,9.64780890805,14.0969228927,17.6846264368
651,00:00:13.020,5.31806752874,1.46354166667,3.65459371009,4.18217193487
652,00:00:13.040,13.8458453065,10.2913074713,13.9902618135,17.8336326628
653,00:00:13.060,3.72425766284,1.18534482759,2.79164671137,3.46533764368
654,00:00:13.080,14.9752753831,10.6403855364,14.4997006705,17.883441092
655,00:00:13.100,4.5159841954,1.2811901341,3.25389128352,3.96449952107
656,00:00:13.120,15.1986350575,10.575131705,14.440892401,17.5489104406
657,00:00:13.140,3.70851293103,1.15289750958,2.71368135377,3.27963362069
658,00:00:13.160,16.1733716475,10.3669779693,14.5716195722,17.1745090996
659,00:00:13.180,5.0164032567,1.41325431034,3.56800766284,4.27436542146
660,00:00:13.200,14.191690613,9.24431273946,13.2413194444,16.2879549808
661,00:00:13.220,3.54519875479,1.45420258621,2.8598738825,3.58022030651
662,00:00:13.240,13.2426963602,8.50287356322,12.3673970307,15.3566211686
663,00:00:13.260,4.10033524904,1.70773467433,3.41301484674,4.43097461686
664,00:00:13.280,71.6050646552,65.9373802682,67.7831257982,65.8069324713
665,00:00:13.300,3.2033644636,1.47515565134,3.32529134738,5.2973539272
666,00:00:13.320,14.7325191571,11.3568007663,14.7196280332,18.0695641762
667,00:00:13.340,1.84512691571,1.00706417625,2.05206337803,3.30399904215
668,00:00:13.360,16.3448275862,11.6963002874,14.9996607599,16.9578544061
669,00:00:13.380,2.80854885057,1.12027059387,2.67953783525,4.1097940613
670,00:00:13.400,21.7168941571,12.1155411877,17.801265166,19.5713601533
671,00:00:13.420,3.5629190613,1.11129070881,3.16604805236,4.82393438697
672,00:00:13.440,20.3427921456,11.2507183908,17.9533445083,22.2665229885
673,00:00:13.460,3.00868055556,1.06543342912,2.84648387612,4.46533764368
674,00:00:13.480,19.3189056513,9.78855363985,16.6631146232,20.8818845785
675,00:00:13.500,3.22294061303,0.913613505747,2.71318247126,4.00299329502
676,00:00:13.520,21.3049568966,9.55495689655,16.5554956897,18.8065732759
677,00:00:13.540,2.3275862069,0.843091475096,2.23591155811,3.53705699234
678,00:00:13.560,23.0637571839,10.1472701149,17.9062699553,20.507782567
679,00:00:13.580,2.91343390805,0.856800766284,2.65217911877,4.18630268199
680,00:00:13.600,24.1072198276,11.4078065134,18.5203544061,20.0460368774
681,00:00:13.620,2.46240421456,1.05280172414,2.39433668582,3.66780411877
682,00:00:13.640,20.1372126437,12.5430435824,17.3148347701,19.2642480843
683,00:00:13.660,4.62799329502,1.26670258621,3.98974297573,6.07453304598
684,00:00:13.680,17.0337045019,12.3759578544,16.1335807791,18.9910799808
685,00:00:13.700,3.80268199234,1.31758860153,3.24830379949,4.6246408046
686,00:00:13.720,16.8391403257,10.8181273946,15.4314734994,18.6371527778
687,00:00:13.740,2.33776340996,1.06956417625,2.45063058748,3.94456417625
688,00:00:13.760,18.3378831418,11.3745210728,16.9274225734,21.0698635057
689,00:00:13.780,3.75640565134,1.13817049808,3.38395992976,5.25730363985
690,00:00:13.800,17.3441091954,10.5845306513,16.2334570562,20.7717313218
691,00:00:13.820,3.38589559387,0.988146551724,3.01778017241,4.67929837165
692,00:00:13.840,16.1384099617,9.62021072797,14.98637053,19.2004909004
693,00:00:13.860,2.80363984674,0.967492816092,2.62410201149,4.10117337165
694,00:00:13.880,14.42786159,9.89445641762,14.317089719,18.6289511494
695,00:00:13.900,3.70689655172,1.16247605364,3.47176325032,5.54591714559
696,00:00:13.920,12.494612069,7.78394396552,11.9068885696,15.4421096743
697,00:00:13.940,2.95611829502,0.935045498084,2.73884498723,4.32537116858
698,00:00:13.960,10.5629789272,7.05609434866,10.2752234994,13.2065972222
699,00:00:13.980,2.22707136015,0.808967911877,2.21773227969,3.61715756705
700,00:00:14.000,15.0216714559,8.311901341,12.5983995849,14.4616259579
701,00:00:14.020,2.6569683908,0.729885057471,2.27592193487,3.44091235632
702,00:00:14.040,18.5146671456,10.4190014368,14.6920298531,15.142420977
703,00:00:14.060,2.47808908046,0.687679597701,2.21996727331,3.49413314176
704,00:00:14.080,23.8248323755,11.6507423372,17.4321320243,16.8208213602
705,00:00:14.100,2.98198036398,0.791247605364,2.52999281609,3.81675047893
706,00:00:14.120,25.4621048851,12.8820641762,18.9303759579,18.4469588123
707,00:00:14.140,2.186901341,0.683309386973,1.88563617497,2.78669779693
708,00:00:14.160,24.7429358238,12.8102250958,19.1134259259,19.7871168582
709,00:00:14.180,2.3757782567,0.6405651341,2.09780092593,3.27705938697
710,00:00:14.200,20.6339798851,12.413433908,17.5137492018,19.4938338123
711,00:00:14.220,2.24030172414,0.737787356322,2.12943007663,3.41020114943
712,00:00:14.240,17.3451867816,12.9884458812,16.6699193806,19.6761254789
713,00:00:14.260,2.70055076628,0.922533524904,2.6874800447,4.43935584291
714,00:00:14.280,16.3793103448,12.1825909962,16.1875598659,20.0007782567
715,00:00:14.300,2.44719827586,0.818067528736,2.27937420179,3.57285680077
716,00:00:14.320,19.9558788314,12.6105124521,17.8501556513,20.9840756705
717,00:00:14.340,1.94354645594,0.758201628352,1.82521152618,2.77388649425
718,00:00:14.360,23.3061542146,13.002993295,18.6873603129,19.7529334291
719,00:00:14.380,2.32656848659,0.807411398467,2.06140245849,3.05022749042
720,00:00:14.400,28.3819444444,13.1430795019,20.6872605364,20.5367576628
721,00:00:14.420,2.36254789272,0.904274425287,2.21014926564,3.36362547893
722,00:00:14.440,26.4189415709,11.0465158046,19.5276979566,21.1176364943
723,00:00:14.460,3.06591235632,1.14266044061,3.2966355364,5.68133381226
724,00:00:14.480,22.1479286398,15.9476772031,20.9011414432,24.6078184866
725,00:00:14.500,1.94061302682,1.15511254789,2.10436621967,3.21737308429
726,00:00:14.520,65.3800886015,49.8831417625,62.5441012133,72.3690732759
727,00:00:14.540,9.21048850575,2.54232519157,6.71242416986,8.38445881226
728,00:00:14.560,6.10698036398,1.97419779693,4.87043023627,6.53011254789
729,00:00:14.580,6.23575191571,1.39427681992,4.35366778416,5.43097461686
730,00:00:14.600,5.35338840996,1.21240421456,4.05427841635,5.59704262452
731,00:00:14.620,5.15762691571,1.26251197318,3.74489144317,4.81453544061
732,00:00:14.640,2.15331657088,0.842792145594,1.93949553001,2.82237787356
733,00:00:14.660,3.29831178161,0.900742337165,2.52969348659,3.390026341
734,00:00:14.680,1.96096743295,0.703484195402,1.59514687101,2.12098898467
735,00:00:14.700,2.62302442529,0.70773467433,2.0470945083,2.81052442529
736,00:00:14.720,2.31633141762,0.769037356322,1.83339319923,2.41481082375
737,00:00:14.740,2.64655172414,0.688098659004,2.05024744572,2.81609195402
738,00:00:14.760,2.93007662835,1.37290469349,2.62741459132,3.57926245211
739,00:00:14.780,3.94791666667,1.06543342912,3.01746088761,4.03903256705
740,00:00:14.800,4.33866139847,1.42738266284,3.44466395275,4.56794779693
741,00:00:14.820,3.49467193487,0.872186302682,2.60516443167,3.44863505747
742,00:00:14.840,3.78310584291,1.54932950192,3.33181673052,4.66301484674
743,00:00:14.860,3.91295498084,1.12583812261,3.10835727969,4.28627873563
744,00:00:14.880,3.88326149425,1.55795019157,3.2965158046,4.44833572797
745,00:00:14.900,3.61697796935,0.934925766284,2.90970226692,4.17720306513
746,00:00:14.920,4.75909961686,1.81064415709,4.42025862069,6.69103208812
747,00:00:14.940,4.000598659,0.981381704981,3.02270913155,4.08614703065
748,00:00:14.960,4.93265086207,2.08530890805,4.17718310983,5.51358955939
749,00:00:14.980,2.36548132184,0.892540708812,2.00979805236,2.77137212644
750,00:00:15.000,5.07004310345,2.38541666667,4.43943566411,5.86284722222
751,00:00:15.020,4.57064176245,1.12907088123,3.49191810345,4.77604166667
752,00:00:15.040,5.53310584291,2.45863266284,4.8743215198,6.63122605364
753,00:00:15.060,2.86278735632,1.01963601533,2.51963601533,3.67648467433
754,00:00:15.080,5.89762931034,2.46755268199,5.05435823755,6.79789272031
755,00:00:15.100,4.44091235632,1.06148227969,3.26662276501,4.297473659
756,00:00:15.120,5.7338960728,2.40319683908,4.90710807791,6.58423132184
757,00:00:15.140,2.76197318008,0.988565613027,2.40535201149,3.46551724138
758,00:00:15.160,6.42798132184,2.5929717433,5.47216235632,7.39553400383
759,00:00:15.180,4.71635536398,1.09237308429,3.43324952107,4.49102011494
760,00:00:15.200,6.50191570881,2.77759818008,5.4846743295,7.17450909962
761,00:00:15.220,3.53005268199,0.958213601533,2.64475574713,3.44600095785
762,00:00:15.240,6.86733716475,2.90337643678,5.80220306513,7.63589559387
763,00:00:15.260,4.91828304598,1.18648227969,3.63162515964,4.79011015326
764,00:00:15.280,6.65852490421,2.99383381226,5.65990181992,7.3273467433
765,00:00:15.300,3.43516522989,1.00892001916,2.62773387612,3.43911637931
766,00:00:15.320,6.71527777778,3.08177681992,5.84053719668,7.72455699234
767,00:00:15.340,5.45905172414,1.19743773946,3.88280252235,4.99191810345
768,00:00:15.360,6.63655411877,2.9218151341,5.73639048531,7.65080220307
769,00:00:15.380,3.21521791188,1.06687021073,2.75838122605,3.99305555556
770,00:00:15.400,6.27705938697,2.95198754789,5.66249600894,7.75844109195
771,00:00:15.420,6.45420258621,1.39313936782,4.56387691571,5.8442887931
772,00:00:15.440,7.08087883142,2.85033524904,5.81673052363,7.51897749042
773,00:00:15.460,4.95031130268,1.2492816092,3.8442887931,5.33327346743
774,00:00:15.480,7.34051724138,3.13601532567,6.28314575351,8.37290469349
775,00:00:15.500,5.24479166667,1.35500478927,4.09500718391,5.68522509579
776,00:00:15.520,7.08854166667,2.91786398467,5.82124042146,7.45731561303
777,00:00:15.540,3.78556034483,1.14679118774,2.937899106,3.88134578544
778,00:00:15.560,6.47533524904,2.67420977011,5.3908045977,7.02286877395
779,00:00:15.580,5.84967672414,1.34123563218,4.19825590677,5.40385536398
780,00:00:15.600,6.27005507663,2.41894157088,5.09812021073,6.60536398467
781,00:00:15.620,2.98269875479,1.0625598659,2.41511015326,3.20007183908
782,00:00:15.640,5.06615181992,1.95096982759,4.09077666028,5.25520833333
783,00:00:15.660,4.90110153257,1.19085249042,3.53833413155,4.52304837165
784,00:00:15.680,4.77167145594,1.85290948276,3.80661318646,4.79525862069
785,00:00:15.700,2.96282327586,0.828544061303,2.12703544061,2.58973898467
786,00:00:15.720,4.27215038314,1.71036877395,3.63296216475,4.91636733716
787,00:00:15.740,4.89942528736,1.1246408046,3.58385217114,4.72749042146
788,00:00:15.760,4.52472461686,1.77328783525,3.88609514687,5.36027298851
789,00:00:15.780,3.86607998084,1.02095306513,3.05858876117,4.28873323755
790,00:00:15.800,4.33435105364,1.79202586207,3.79545817369,5.25999760536
791,00:00:15.820,4.66085967433,1.21096743295,3.50564734994,4.64511494253
792,00:00:15.840,5.02215038314,1.72467672414,4.08772349936,5.5163433908
793,00:00:15.860,3.76454741379,0.996647509579,3.00556752874,4.25550766284
794,00:00:15.880,4.42349137931,1.79430076628,3.8129988825,5.22120450192
795,00:00:15.900,4.35841714559,1.21461925287,3.44416507024,4.75945881226
796,00:00:15.920,4.33153735632,1.72377873563,3.71170577905,5.07980124521
797,00:00:15.940,4.05711206897,1.00323275862,3.08989862708,4.20935105364
798,00:00:15.960,4.92923850575,1.74718630268,3.99668742018,5.31363745211
799,00:00:15.980,4.10781848659,0.990900383142,3.12005108557,4.26143438697
800,00:00:16.000,5.82130028736,2.02484434866,4.73774744572,6.36709770115
801,00:00:16.020,2.27017480843,0.81555316092,2.06876596424,3.12056992337
802,00:00:16.040,5.71168582375,2.45043103448,4.99104007024,6.81100335249
803,00:00:16.060,4.03352490421,0.988326149425,3.23810664112,4.69246886973
804,00:00:16.080,5.95761494253,2.7189894636,5.31818726054,7.27795737548
805,00:00:16.100,2.61099137931,0.919480363985,2.31515405492,3.41499042146
806,00:00:16.120,7.12027059387,3.16151819923,6.30972621328,8.64738984674
807,00:00:16.140,4.46779214559,1.16960009579,3.58377234994,5.11392480843
808,00:00:16.160,6.98748802682,3.2029454023,6.17460887612,8.33339319923
809,00:00:16.180,3.2650862069,1.03292624521,2.70085009579,3.80453783525
810,00:00:16.200,7.39721024904,3.22856800766,6.57674808429,9.10446599617
811,00:00:16.220,5.67642480843,1.38050766284,4.3274664751,5.92546695402
812,00:00:16.240,7.05154454023,3.09632423372,6.10312899106,8.16151819923
813,00:00:16.260,4.91870210728,1.17822078544,3.88932790549,5.57106082375
814,00:00:16.280,7.390026341,3.21138649425,6.58159722222,9.14337883142
815,00:00:16.300,4.69396551724,1.13338122605,3.65706816731,5.14385775862
816,00:00:16.320,7.77143199234,3.14272030651,6.29541826309,7.97210249042
817,00:00:16.340,3.05992576628,1.00832136015,2.55150462963,3.58626676245
818,00:00:16.360,7.74030172414,3.32650862069,6.63908844189,8.85045498084
819,00:00:16.380,5.19773706897,1.19151101533,4.01412835249,5.65313697318
820,00:00:16.400,8.3122605364,3.40415469349,6.92422972542,9.05627394636
821,00:00:16.420,3.7189295977,1.09566570881,3.04803240741,4.32950191571
822,00:00:16.440,8.75113745211,3.30340038314,7.22862787356,9.63134578544
823,00:00:16.460,6.38050766284,1.43606321839,4.59790070243,5.97713122605
824,00:00:16.480,7.62392241379,3.14505507663,6.45456178161,8.59470785441
825,00:00:16.500,4.77753831418,1.24311542146,3.78811462324,5.3436901341
826,00:00:16.520,7.26005747126,3.04944923372,6.16157806513,8.17522749042
827,00:00:16.540,6.15439415709,1.4211566092,4.58534881865,6.18049568966
828,00:00:16.560,8.15170019157,3.34847940613,7.01732120051,9.55178400383
829,00:00:16.580,4.95994971264,1.24832375479,3.99227729885,5.76855842912
830,00:00:16.600,8.11829501916,3.40810584291,6.93095466156,9.26646312261
831,00:00:16.620,6.93235153257,1.50155651341,4.89621248404,6.25472940613
832,00:00:16.640,6.9528855364,3.19061302682,6.06623164112,8.05519636015
833,00:00:16.660,5.59536637931,1.23970306513,4.17446918902,5.68833812261
834,00:00:16.680,7.38116618774,3.21102729885,6.32632902299,8.38679358238
835,00:00:16.700,4.95007183908,1.16373323755,3.50277378672,4.39451628352
836,00:00:16.720,7.62673611111,3.01173371648,6.08465038314,7.61548132184
837,00:00:16.740,3.82453304598,1.0002394636,2.8597341954,3.75443007663
838,00:00:16.760,8.4057710728,3.07620929119,6.74179837165,8.74341475096
839,00:00:16.780,5.31764846743,1.21976772031,4.04493933589,5.59740181992
840,00:00:16.800,7.99437260536,3.13409961686,6.75259418902,9.12931034483
841,00:00:16.820,3.38906848659,1.0932112069,2.81116299489,3.95120929119
842,00:00:16.840,7.74179837165,2.99173850575,6.2496208493,8.0153256705
843,00:00:16.860,5.12045019157,1.21360153257,3.87196679438,5.281848659
844,00:00:16.880,6.67546695402,2.92349137931,5.87003113027,8.01113505747
845,00:00:16.900,6.16732519157,1.44222940613,4.49576947637,5.87775383142
846,00:00:16.920,6.92295258621,2.77933429119,5.83716475096,7.80920737548
847,00:00:16.940,4.68917624521,1.14583333333,3.67738266284,5.19713840996
848,00:00:16.960,6.8903256705,2.83566810345,5.79114782886,7.64744971264
849,00:00:16.980,4.66008141762,1.10787835249,3.55822956577,4.9067289272
850,00:00:17.000,8.11111111111,3.23611111111,6.72090517241,8.81549329502
851,00:00:17.020,3.63823036398,1.11141044061,2.9219548212,4.016223659
852,00:00:17.040,7.15816570881,3.30417863985,6.46771232439,8.94079262452
853,00:00:17.060,4.71958812261,1.2967552682,3.82433349298,5.45665708812
854,00:00:17.080,6.59195402299,3.0460967433,5.78360472542,7.71276340996
855,00:00:17.100,2.91409243295,1.09524664751,2.58756385696,3.75335249042
856,00:00:17.120,7.50197557471,2.98281848659,6.15327666028,7.97503591954
857,00:00:17.140,5.58512931034,1.41977969349,4.39393757982,6.17690373563
858,00:00:17.160,7.28382423372,2.95126915709,6.20809386973,8.38918821839
859,00:00:17.180,4.57992097701,1.13008860153,3.59121567688,5.06363745211
860,00:00:17.200,6.63463840996,2.86590038314,5.7806712963,7.84147509579
861,00:00:17.220,4.65625,1.03125,3.53859355045,4.92828065134
862,00:00:17.240,8.19348659004,2.96485871648,6.57114064496,8.55507662835
863,00:00:17.260,3.39738984674,0.998263888889,2.74624840358,3.8430914751
864,00:00:17.280,7.77436542146,2.97569444444,6.47204262452,8.66606800766
865,00:00:17.300,5.89691091954,1.38326149425,4.44270833333,6.04795258621
866,00:00:17.320,7.1405052682,3.01323036398,6.08834211367,8.11129070881
867,00:00:17.340,5.34644396552,1.25897988506,3.9528057152,5.25299329502
868,00:00:17.360,6.9525862069,3.13870929119,6.04428081098,8.04154693487
869,00:00:17.380,6.13781130268,1.43396791188,4.66664671137,6.42816091954
870,00:00:17.400,7.32471264368,3.09728208812,6.38733237548,8.74000239464
871,00:00:17.420,5.02298850575,1.15894396552,3.8902059387,5.48868534483
872,00:00:17.440,6.77604166667,3.03915229885,6.16860233078,8.69061302682
873,00:00:17.460,4.91708572797,1.39463601533,3.89910600255,5.38559626437
874,00:00:17.480,5.96707375479,3.0313697318,5.48850574713,7.46707375479
875,00:00:17.500,4.63086685824,1.17301245211,3.73028416347,5.38697318008
876,00:00:17.520,6.37835249042,3.08105842912,5.82026261175,8.00137691571
877,00:00:17.540,5.49820402299,1.35458572797,4.21008939974,5.77747844828
878,00:00:17.560,7.91385296935,3.22629310345,6.38348100255,8.01029693487
879,00:00:17.580,4.63835009579,1.10338840996,3.48102250958,4.70132902299
880,00:00:17.600,7.87080938697,3.60105363985,6.66064016603,8.51005747126
881,00:00:17.620,4.94977250958,1.1720545977,3.71958812261,5.03693726054
882,00:00:17.640,9.15924329502,3.8754789272,7.51033684547,9.49628831418
883,00:00:17.660,4.06345785441,1.11889367816,3.09031768838,4.08860153257
884,00:00:17.680,9.2346743295,4.01358955939,7.83004070881,10.2418582375
885,00:00:17.700,4.47276101533,1.19007423372,3.56359754151,5.02795737548
886,00:00:17.720,8.48239942529,4.25975814176,7.63318167305,10.1573874521
887,00:00:17.740,3.98138170498,1.22024664751,3.08484993614,4.05292145594
888,00:00:17.760,9.20923132184,4.33800287356,7.87789351852,10.0864463602
889,00:00:17.780,5.23862547893,1.29208572797,3.96356162197,5.359973659
890,00:00:17.800,9.66690613027,4.52227011494,8.26795977011,10.6147030651
891,00:00:17.820,4.45959051724,1.39798850575,3.44969268838,4.49149904215
892,00:00:17.840,9.45061063218,4.61428400383,8.28989064496,10.8047772989
893,00:00:17.860,5.40170019157,1.42989703065,4.06423611111,5.36111111111
894,00:00:17.880,11.1496048851,4.79561781609,8.94963282248,10.9036757663
895,00:00:17.900,3.94336685824,1.5007183908,3.42923850575,4.8436302682
896,00:00:17.920,10.5808189655,4.76131465517,8.83061941252,11.1497246169
897,00:00:17.940,5.83123802682,1.48605124521,4.37400223499,5.80471743295
898,00:00:17.960,11.0185584291,4.94510296935,9.03879310345,11.1527179119
899,00:00:17.980,5.08656609195,1.41385296935,3.86432391443,5.09255268199
900,00:00:18.000,9.97707136015,4.87649664751,8.69179038953,11.2218031609
901,00:00:18.020,5.3439894636,1.39619252874,3.94510296935,5.09512691571
902,00:00:18.040,11.0143079502,5.07171934866,9.2811701788,11.7574832375
903,00:00:18.060,5.03867337165,1.3753591954,3.64878671775,4.53232758621
904,00:00:18.080,12.2435943487,5.42301245211,9.94859514687,12.1791786398
905,00:00:18.100,5.81710967433,1.60464559387,4.50309307152,6.08752394636
906,00:00:18.120,12.2522749042,5.61027298851,10.1391483078,12.5548970307
907,00:00:18.140,4.91965996169,1.57998084291,3.72042624521,4.66163793103
908,00:00:18.160,12.2027658046,5.57243773946,10.2082335568,12.8494971264
909,00:00:18.180,5.91876197318,1.7182710728,4.66014128352,6.3433908046
910,00:00:18.200,12.2148587165,5.76688218391,10.4233317369,13.2882543103
911,00:00:18.220,5.85530411877,1.64828783525,4.37921056833,5.63403975096
912,00:00:18.240,13.5274185824,6.22599377395,11.4187619732,14.5028735632
913,00:00:18.260,6.6561901341,1.85356800766,5.04871088761,6.63637452107
914,00:00:18.280,13.9107399425,6.46396072797,11.4443845785,13.9584530651
915,00:00:18.300,5.29944923372,1.65050287356,4.04988825032,5.19971264368
916,00:00:18.320,13.9149305556,6.65355603448,11.8717073755,15.0466355364
917,00:00:18.340,6.63655411877,1.82459291188,5.03568007663,6.64589319923
918,00:00:18.360,14.2410799808,6.3593151341,11.7834650383,14.75
919,00:00:18.380,5.56465517241,1.66654693487,4.23172094508,5.46396072797
920,00:00:18.400,14.2141403257,6.38805076628,11.7642680396,14.6906130268
921,00:00:18.420,6.14254070881,1.87092911877,4.87937021073,6.6246408046
922,00:00:18.440,13.2218031609,6.20426245211,11.1309666347,13.9668342912
923,00:00:18.460,6.20743534483,1.7964559387,4.66205699234,5.98227969349
924,00:00:18.480,13.1134458812,6.48736829502,11.2573036398,14.1710967433
925,00:00:18.500,6.42480842912,1.87775383142,4.97062579821,6.6093151341
926,00:00:18.520,13.8306393678,6.49784482759,11.5962843231,14.4603687739
927,00:00:18.540,6.21617576628,1.79843151341,4.67971743295,6.02454501916
928,00:00:18.560,13.7953184866,6.60201149425,11.6863625479,14.6617576628
929,00:00:18.580,6.33902059387,1.80328065134,4.88886893359,6.52430555556
930,00:00:18.600,13.9665349617,6.79501915709,11.7370689655,14.4496527778
931,00:00:18.620,6.27813697318,1.72898706897,4.70901181354,6.11991139847
932,00:00:18.640,15.1083572797,6.90229885057,12.2748443487,14.8138769157
933,00:00:18.660,7.00987787356,1.84207375479,5.24658764368,6.88781130268
934,00:00:18.680,15.492816092,6.82088122605,12.5423651022,15.3133979885
935,00:00:18.700,6.32345545977,1.83051963602,4.7342752235,6.04885057471
936,00:00:18.720,15.1824712644,6.84812021073,12.3999441252,15.1692409004
937,00:00:18.740,6.63553639847,1.82686781609,4.95035121328,6.38864942529
938,00:00:18.760,14.6282327586,7.1557710728,12.284043742,15.0681273946
939,00:00:18.780,6.4216355364,1.86464319923,4.95741538953,6.58596743295
940,00:00:18.800,14.9992217433,6.92307231801,12.4750359195,15.5028136973
941,00:00:18.820,7.21635536398,1.85171216475,5.32084131545,6.89445641762
942,00:00:18.840,15.7756824713,6.89727011494,12.6937260536,15.4082255747
943,00:00:18.860,5.87697557471,1.78011254789,4.50361190932,5.85374760536
944,00:00:18.880,14.198335728,6.6096144636,12.0502873563,15.3429118774
945,00:00:18.900,6.88290229885,1.70755507663,5.10263010856,6.71743295019
946,00:00:18.920,14.881585249,6.69324712644,12.2659043742,15.2228807471
947,00:00:18.940,6.38805076628,1.78484195402,4.64740980204,5.76933668582
948,00:00:18.960,14.5975215517,6.86212883142,12.1936063218,15.1211685824
949,00:00:18.980,8.41864224138,1.96671455939,5.86602011494,7.21270354406
950,00:00:19.000,15.1187739464,6.89505507663,12.4762531928,15.4149305556
951,00:00:19.020,6.57662835249,1.90726772031,4.87743454662,6.14840756705
952,00:00:19.040,15.310105364,6.93330938697,12.6487667625,15.7028855364
953,00:00:19.060,7.22156369732,1.75903975096,5.32672812899,6.9995809387
954,00:00:19.080,15.4063098659,6.98994252874,12.6888170498,15.6701987548
955,00:00:19.100,6.38643438697,1.91684626437,4.93171296296,6.49185823755
956,00:00:19.120,14.7105483716,6.63601532567,12.3147948595,15.5978208812
957,00:00:19.140,7.10225095785,1.86111111111,5.38553639847,7.19324712644
958,00:00:19.160,15.1572078544,6.77173132184,12.5457974138,15.7084530651
959,00:00:19.180,6.15529214559,1.80938697318,4.66225654534,6.02209051724
960,00:00:19.200,14.2522749042,6.66085967433,12.0623603129,15.2739463602
961,00:00:19.220,7.16846264368,1.86602011494,5.38290229885,7.11422413793
962,00:00:19.240,14.9466594828,6.68905651341,12.3470027139,15.4052921456
963,00:00:19.260,6.19210967433,1.78442289272,4.73571200511,6.23060344828
964,00:00:19.280,14.5230483716,6.49173850575,11.9809626437,14.9281010536
965,00:00:19.300,7.30806992337,1.89260057471,5.43384818008,7.10087404215
966,00:00:19.320,14.4527059387,6.1725933908,11.7437539911,14.6059626437
967,00:00:19.340,6.14954501916,1.67971743295,4.68131385696,6.21467911877
968,00:00:19.360,15.4276819923,6.27765804598,12.3901660281,15.465158046
969,00:00:19.380,7.85135296935,1.9225335249,5.66965996169,7.2350933908
970,00:00:19.400,14.5116738506,6.42624521073,11.9329701469,14.8609913793
971,00:00:19.420,6.16792385057,1.73251915709,4.61607998084,5.94779693487
972,00:00:19.440,14.0544779693,6.2492816092,11.7049808429,14.8111829502
973,00:00:19.460,4.78843390805,1.73180076628,3.89421695402,5.16241618774
974,00:00:19.480,13.2082136015,6.18109434866,10.9534043742,13.4709051724
975,00:00:19.500,5.31411637931,1.60721982759,4.03603927203,5.1867816092
976,00:00:19.520,28.5225095785,7.29005028736,20.5407487229,25.8096863027
977,00:00:19.540,7.06896551724,2.00939894636,5.36749680715,7.02412595785
978,00:00:19.560,12.2634099617,5.66906130268,10.1540349617,12.5296336207
979,00:00:19.580,7.49616858238,2.00975814176,5.35169220945,6.54914990421
980,00:00:19.600,11.9268438697,5.53579980843,10.2955579502,13.4240301724
981,00:00:19.620,8.0630387931,1.97713122605,5.82016283525,7.42031848659
982,00:00:19.640,10.4234315134,4.99024185824,8.92961765645,11.3751795977
983,00:00:19.660,7.01011733716,1.61368534483,4.8901859834,6.0467552682
984,00:00:19.680,11.1564295977,4.97102490421,9.07465277778,11.0965038314
985,00:00:19.700,4.66289511494,1.30304118774,3.43073515326,4.32626915709
986,00:00:19.720,10.4115780651,4.72629310345,8.72192289272,11.0278975096
987,00:00:19.740,7.48664990421,1.74431273946,5.1725534802,6.28669779693
988,00:00:19.760,9.84704262452,4.61266762452,8.45975015964,10.9195402299
989,00:00:19.780,6.03562021073,1.48299808429,4.37232598978,5.59835967433
990,00:00:19.800,10.7684985632,4.70120929119,9.02336765645,11.6003951149
991,00:00:19.820,6.65822557471,1.47455699234,4.66752474457,5.86979166667
992,00:00:19.840,11.3627873563,4.88170498084,9.60187180715,12.5611230843
993,00:00:19.860,4.27209051724,1.38613505747,3.52199074074,4.90774664751
994,00:00:19.880,11.3231561303,5.17756226054,9.62380268199,12.3706896552
995,00:00:19.900,7.08698515326,1.70629789272,5.12350335249,6.57722701149
996,00:00:19.920,11.9618055556,5.51772030651,10.2062380268,13.1391882184
997,00:00:19.940,5.1251795977,1.53873323755,3.91145833333,5.07046216475
998,00:00:19.960,13.4473778736,5.85267001916,11.1475694444,14.1426604406
999,00:00:19.980,3.686901341,1.31806752874,2.98840597063,3.96024904215
